0000000000000000000000000000000000000000000000000000000000000000000000000000000000000000000000000000
0000000000000000000000000000000000000000000000000000000000000000000000000000000000000000000000000000
0000000000100000000000000000000000000000000000000000000000000000000000000000000000000000000000000000
0000000000001000000000000000000000000000000000000000000000000000000000000000000000000000000000000000
0000000010000010000000000000000000000000000000000000000000000000000000000000000000000000000000000000
0000000011100000000000000000000000000000000000000000000000000000000000000000000000000000000000000000
0000000001111000000000000000000000000000000000000000000000000000000000000000000000000000000000000000
0000000001111110000000000000000000000000000000000000000000000000000000000000000000000000000000000000
0000000001111111100000000000000000000000000000000000000000000000000000000000000000000000000000000000
0000000000111111111000000000000000000000000000000000000000000000000000000000000000000000000000000000
0000000000111111111100000000000000000000000000000000000000000000000000000000000000000000000000000000
0000000000111111111111000000000000000000000000000000000000000000000000000000000100000000000000000000
0000000000011111111111100000000000000000000000000000000000000000000001111111111100000000000000000000
0000000000011111111111111000000000000000000000000000000000000011111111111111111000000000000000000000
0000000000011111111111111100000000000000000000000000000001111111111111111111110000000000000000000000
0000000000001111111111111110000000111111111111111111111111111111111111111111100000000000000000000000
0000000000101111111111111111001111111111111111111111111111111111111111111111000000000000000000000000
0000000000100111111111111111111111111111111111111111111111111111111111111111000000000000000000010000
0000000000000011111111111111111111111111111111111111111111111111111111111110000000000000000000110000
0000000000000001111111111111111111111111111111111111111111111111111111111100000000000000000001110000
0000000000000000111111101111111111111111111111111111111111111111111111110000000000000000000011110000
0000000000000000011111001111111111111111111111111111111111110111111110000000000000000000000111110000
0000000000000000001110011111111111111111111111111111111111111011111000000100000000000000001111110000
0000000000000000000110111111111111111111111111111111111111111001000000000000000000000000011111110000
0000000000000000000001111111111111111111111111111111111111111100000000000000000000000000111111111000
0000000000000000000001111111111111111111111111111111111111111110000000000000000000000001111111111000
0000000000000000001011111111111111111111111111111111111111111110010000000000000000000011111111111000
0000000000000000010011111111111111111111111111111111111111111110000000000000000000000111111111111001
0000000000000000000011111111111111111111111111111111111111111111000000000000000000001111111111111000
0000000000000000000111111100001111111111111111111111110000011111000000000000000000011111111111111000
0000000000000000000111111000000111111111111111111111101110001111100000000000000000011111111111111000
0000000000000000100111110011000011111111111111111111001110001111100000000000000000111111111111111100
0000000000000000000111110011100001111111111111111111001100000111100000000000000001111111111111111100
0000000000000000000111110001000001111111111111111111000000000111100000000000000011111111111111111100
0000000000000000000111110000000001111111111111111111100000001111110000000000100111111111111111111100
0000000000000000001111110000000011111111111111111111100000001111110010000000101111111111111111111100
0000000000000000001111110000000011111111111111111111110000011111110000000000011111111111111111111100
0000000000000000001111111000000111111111111111111111111111111111111000000000011111111111111111111100
0000000000000000001111111100011111111111111111111111111111111111111000000000111111111111111111111000
0000000000000000011111111111111111111111100001111111111111111111111000000001111111111111111111110000
0000000000000000011111111111111111111111100011111111111111110000011000010011111111111111111111000000
0000000000000000011111111111111111111111111111111111111111100000001000010111111111111111111110001000
0000000000000000011111000111111111111111111111111111111111100000001001001111111111111111111100000000
0000000000000000011100000011111111111111111111111111111111000000001000001111111111111111111000000000
0000000000000000011100000001111111111111111111111111111111000000001000011111111111111111110000000000
0000000000000000011100000001111111111111100000011111111111000000001000111111111111111111100000000000
0000000000000010011000000000111111110110011111100001111111100000001001111111111111111111000000000000
0000000000000000011100000001111111111001111111111111111111110000110000111111111111111100000000000000
0000000000000000001100000001111111111111111111111111111111111111100000011111111111111000100000000000
0000000000000000101110000011111111111111111111111111111111111111100100001111111111110000000000000000
0000000000000000000111111111111111111111111111111111111111111111010000000111111111110000000000000000
0000000000000000000011111111111111111111111111111111111111111110111000000011111111111001000000000000
0000000000000000000000111111111111111111111111111111111111111111111000000001111111111100000000000000
0000000000000000010010111111111111111111111111111111111111111111111000000000111111111100000000000000
0000000000000000000011111111111111111111111111111111111111111111111100000000011111111110000000000000
0000000000000000000011111111111111111111111111111111111111111111111100000000011111111110000000000000
0000000000000000000111111111111111111111111111111111111111111111111100000001111111111100000000000000
0000000000000000000111111111111111111111111111111111111111111111111100100011111111111000000000000000
0000000000000000000111111111111111111111111111111111111111111111111100000111111111100000000000000000
0000000000000000000111111110111111111111111111111111111111111111111110001111111111000000000000000000
0000000000000000000111111111011111111111111111111111111111111111111110011111111100000000000000000000
0000000000000000000111111111011111111111111111111111111011111111111110111111111000000000000000000000
0000000000000000000111111111101111111111111111111111111011111111111110111111100000000000000000000000
0000000000000000001111111111101111111111111111111111111011111111111110011111100000000000000000000000
0000000000000000001111111111100111111111111111111111111011111111110110001111100100000000000000000000
0000000000000000001111111111110111111111111111111111111011111111110111000111000000000000000000000000
0000000000000000001111111111110111111111111111111111110111111111100111000010000000000000000000000000
0000000000000000001111111111111011111111111111111111110111111111101111000000000000000000000000000000
0000000000000001001111111111111011111111111111111111110111111111001111000000000000000000000000000000
0000000000000000001111111111111011111111111111111111110111111111011111000000000000000000000000000000
0000000000000000001111111111111101111111111111111111110111111110111111000000000000000000000000000000
0000000000000000001110111111111101111111111111111111110111111100111111000000000000000000000000000000
0000000000000000001110011111111100111111111111111111110111111101111111000000000000000000000000000000
0000000000000000001111001111111110111111111111111111101111111011111111000000000000000000000000000000
0000000000000000001111110111111110011111111111111111100111110111111111000000000000000000000000000000
0000000000000001001111111011111110011111111111111111110000100111111111000000000000000000000000000000
0000000000000000001111111100111110111111111111111111111100001111111111000000000000000000000000000000
0000000000000000001111111110001101111111111111111111111111111111111111000000000000000000000000000000
0000000000000000000111111111100001111111111111111111111111111111111111000000000000000000000000000000
0000000000000000000111111111110111111111111111111111111111111111111111000000000000000000000000000000
0000000000000000100111111111111111111111111111111111111111111111111110000000000000000000000000000000
0000000000000000000111111111111111111111111111111111111111111111111110010000000000000000000000000000
0000000000000000000011111111111111111111111111111111111111111111111110000000000000000000000000000000
0000000000000000010011111111111111111111111111111111111111111111111110000000000000000000000000000000
0000000000000000000011111111111111111111111111111111111111111111111100000000000000000000000000000000
0000000000000000000001111111111111111111111111111111111111111111111100000000000000000000000000000000
0000000000000000000001111111111111111111111111111111111111111111111000000000000000000000000000000000
0000000000000000000100111111111111111111111111111111111111111111111000000000000000000000000000000000
0000000000000000000000011111111111111111111111111111111111111111110000000000000000000000000000000000
0000000000000000000000001111111111111111111111111111111111111111100000000000000000000000000000000000
0000000000000000000000000111111111111111111111111111111111011110000000000000000000000000000000000000
0000000000000000000000000011111111111111100000000000000111100000000000000000000000000000000000000000
0000000000000000000000000000000001100000000000000000000011111000000000000000000000000000000000000000
0000000000000000000000000000000011100000000000000000000001111100000000000000000000000000000000000000
0000000000000000000000000001011111000000000000000000000000111100000000000000000000000000000000000000
0000000000000000000000000000111110000000000000000000000000001000000000000000000000000000000000000000
0000000000000000000000000000000100000000000000000000000000000000000000000000000000000000000000000000
0000000000000000000000000000000000000000000000000000000000000000000000000000000000000000000000000000
0000000000000000000000000000000000000000000000000000000000000000000000000000000000000000000000000000
0000000000000000000000000000000000000000000000000000000000000000000000000000000000000000000000000000
